0.7948114648903012
0.7996699871661672
0.73999266638147
0.7649269693821422
0.5531992910835426
0.9017295117032318
0.8356352747051277
0.7909918719061287
0.8029701155044916
0.7400537798692178
0.7229725600440008
0.6594756462751337
0.7577155778280275
0.4495813726089346
0.7986310578744727
0.5964981971521102
0.8542748884678838
0.41810792641936056
0.6385748334657458
0.9458840066002554
0.8636558088370089
0.8210291511336544
0.9380920369125463
0.5421377498013809
0.7913279960887365
0.6960826254354328
0.22092525820448541
0.514911691010206
0.2637658131149538
0.25004583511580986
0.6119293528081642
0.7889751268104878
0.4926663814703902
0.6384220497463791
0.31015095031473466
0.43286683371019974
0.48447717411232627
0.4568538776507973
0.29187801747845726
0.35424433172401115
0.34425227647741746
0.5651164211941576
1.0
0.284574955692721
0.529028906679703
0.6749984721628056
0.6289189024017598
0.31033429077797403
0.727006050235287
0.320112448817454
0.2248059646764032
0.0
0.8121065819226303
0.8792091914685561
0.7341563283016557
0.480902035079142
0.4379698099370531
0.27598851066430397
0.924066491474668
0.3954348224653182
0.5742528876122954
0.4082686548921344
